5910500023
5910500112
5910500121
5910500147
5910500376
5910500473
5910500481
5910500490
5910500520
5910501909
5910501925
5910501941
5910501950
5910501968
5910501976
5910501992
5910502000
5910502026
5910502034
5910502042
5910503677
5910503685
5910503693
5910503707
5910503740
5910503758
5910503766
5910503782
5910503804
5910503821
5910503847
5910503855
5910503863
5910503871
5910503898
5910503901
5910503928
5910505033
5910505076
5910505343
5910505378
5910505467
5910505513
5910545019
5910545639
5910545647
5910545655
5910545663
5910545671
5910545680
5910545698
5910545701
5910545710
5910545728
5910545736
5910545744
5910545752
5910545761
5910545779
5910545787
5910545809
5910545817
5910545825
5910545833
5910545841
5910545850
5910545868
5910545892
5910545906
5910546376
5910546384
5910546406
5910546422
5910546431
5910546457
5910546465
5910546635
5910546643
5910546678
5910546686
6010500095
6010500109
6010500117
6010500125
6010500133
6010500141
6010500389
6010500397
6010500401
6010502489
6010502497
6010502501
6010502519
6010502527
6010502535
6010502543
6010502560
6010502578
6010502594
6010502608
6010502616
6010502624
6010502641
6010502659
6010502667
6010502675
6010502683
6010502691
6010502705
6010502713
6010502721
6010502748
6010502756
6010504643
6010504651
6010504660
6010504678
6010504686
6010504694
6010504708
6010504716
6010504724
6010504732
6010504741
6010504767
6010504775
6010504791
6010504821
6010504830
6010504848
6010504856
6010505666
6010505704
6010505828
6010505879
6010506140
6010506204
6010506352
6010545021
6010545056
6010545684
6010545692
6010545722
6010545765
6010545773
6010545781
6010545790
6010545811
6010545820
6010545846
6010545854
6010545862
6010545889
6010545897
6010545901
6010545935
6010545943
6010545951
6010545960
6010545978
6010546621
6010546630
6010546664
6010546672
6010546699
6010546702
6010546711
6010546877
6010546893
6010546915
6110500127
6110500135
6110500143
6110500151
6110500241
6110500577
6110500585
6110500593
6110500615
6110500623
6110500631
6110500640
6110503169
6110503177
6110503185
6110503193
6110503207
6110503215
6110503223
6110503231
6110503240
6110503258
6110503266
6110503274
6110503282
6110503291
6110503304
6110503312
6110503321
6110503339
6110503347
6110503355
6110503363
6110503371
6110503380
6110503401
6110503410
6110503436
6110503444
6110503452
6110503461
6110503479
6110503487
6110503495
6110503509
6110503517
6110503525
6110503533
6110506401
6110506419
6110506435
6110506443
6110506451
6110506460
6110506478
6110507121
6110507300
6110507571
6110507580
6110507610
6110507717
6110507865
6110507903
6110545414
6110545422
6110545431
6110545449
6110545457
6110545473
6110545481
6110545490
6110545503
6110545511
6110545520
6110545538
6110545546
6110545554
6110545562
6110545571
6110545597
6110545601
6110545619
6110545627
6110545635
6110545643
6110545651
6110545660
6110545678
6110545694
6110545783
6110546003
6110546011
6110546020
6110546046
6110546054
6110546062
6110546364
6110546372
6110546381
6110546402
6110546429
6110546631
6110546640
6210500099
6210500102
6210500111
6210500129
6210500137
6210500145
6210500153
6210500161
6210500498
6210500501
6210500510
6210500528
6210500536
6210500544
6210500552
6210500561
6210500579
6210500587
6210500757
6210500765
6210500773
6210500781
6210500790
6210500994
6210501001
6210501010
6210503497
6210503501
6210503519
6210503527
6210503535
6210503543
6210503551
6210503560
6210503578
6210503586
6210503594
6210503608
6210503616
6210503624
6210503632
6210503641
6210503659
6210503667
6210503675
6210503683
6210503691
6210503705
6210503713
6210503721
6210503730
6210503748
6210503756
6210503764
6210503772
6210503781
6210503799
6210503802
6210503811
6210503829
6210503837
6210503845
6210503853
6210503861
6210503870
6210503888
6210503896
6210505163
6210505171
6210505180
6210505198
6210505210
6210505228
6210505236
6210545416
6210545424
6210545432
6210545441
6210545459
6210545467
6210545475
6210545483
6210545491
6210545505
6210545513
6210545521
6210545530
6210545548
6210545556
6210545564
6210545572
6210545581
6210545599
6210545602
6210545611
6210545629
6210545637
6210545700
6210545734
6210545742
6210545947
6210545963
6210545971
6210545980
6210545998
6210546005
6210546013
6210546021
6210546030
6210546048
6210546374
6210546382
6210546391
6210546404
6210546412
6210546421
6210546439
6210546447
6210546455
6210546536
6210546650
6210546668
6210546676
6210546684
6210546692
6210546706
6210546714
6210546722
